Output of second feature should go in this file.2.0
1.7
1.58
1.5
1.61
1.55
1.63
1.58
1.54
1.59
1.56
1.75
1.92
1.93
1.94
1.9
1.86
1.83
1.84
1.81
1.78
1.81
1.82
1.79
1.81
1.86
1.89
1.92
1.9
1.88
1.88
1.86
1.91
1.89
1.87
1.95
1.97
1.95
1.93
1.94
1.96
1.94
1.94
1.98
1.98
1.96
1.96
1.95
1.95
1.94
1.94
1.93
1.95
1.95
1.94
1.93
1.93
1.93
1.96
1.96
1.96
1.96
1.97
1.98
2.01
2.03
2.03
2.04
2.04
2.05
2.05
2.04
2.04
2.07
2.08
2.07
2.07
2.07
2.06
2.05
2.03
2.03
2.02
2.02
2.04
2.05
2.04
2.04
2.06
2.07
2.06
2.06
2.05
2.08
2.09
2.09
2.11
2.13
2.15
2.15
2.17
2.18
2.17
2.16
2.16
2.17
2.17
2.18
2.21
2.21
2.2
2.2
2.2
2.19
2.19
2.19
2.19
2.19
2.19
2.18
2.18
2.18
2.17
2.17
2.18
2.18
2.19
2.19
2.18
2.18
2.18
2.18
2.19
2.19
2.2
2.2
2.2
2.19
2.21
2.21
2.2
2.19
2.21
2.22
2.23
2.23
2.23
2.23
2.22
2.23
2.22
2.22
2.22
2.22
2.22
2.21
2.21
2.21
2.21
2.2
2.2
2.2
2.19
2.19
2.19
2.19
2.19
2.19
2.18
2.18
2.17
2.17
2.17
2.17
2.17
2.16
2.16
2.16
2.15
2.15
2.15
2.15
2.15
2.16
2.16
2.16
2.16
2.15
2.15
2.15
2.16
2.15
2.15
2.15
2.15
2.15
2.14
2.15
2.15
2.16
2.15
2.15
2.14
2.14
2.14
2.15
2.14
2.15
2.15
2.15
2.15
2.16
2.16
2.16
2.16
2.17
2.16
2.16
2.16
2.17
2.17
2.17
2.18
2.18
2.19
2.2
2.2
2.2
2.19
2.19
2.19
2.19
2.19
2.19
2.19
2.18
2.18
2.18
2.18
2.18
2.17
2.17
2.17
2.16
2.17
2.17
2.17
2.18
2.18
2.18
2.18
2.18
2.19
2.19
2.19
2.2
2.2
2.2
2.2
2.19
2.19
2.19
2.19
2.19
2.19
2.19
2.19
2.19
2.19
2.18
2.19
2.19
2.19
2.19
2.18
2.18
2.18
2.18
2.19
2.18
2.18
2.19
2.19
2.18
2.18
2.19
2.18
2.18
2.18
2.18
2.18
2.18
2.17
2.17
2.17
2.17
2.17
2.17
2.17
2.17
2.17
2.17
2.17
2.17
2.17
2.17
2.16
2.17
2.17
2.17
2.16
2.16
2.16
2.17
2.17
2.16
2.16
2.16
2.16
2.15
2.16
2.16
2.16
2.16
2.15
2.16
2.16
2.15
2.15
2.16
2.16
2.16
2.16
2.16
2.16
2.16
2.16
2.16
2.16
2.16
2.16
2.16
2.16
2.16
2.16
2.16
2.16
2.16
2.17
2.17
2.17
2.17
2.16
2.16
2.16
2.16
2.16
2.16
2.16
2.16
2.16
2.16
2.16
2.17
2.17
2.17
2.17
2.16
2.16
2.17
2.17
2.17
2.17
2.17
2.17
2.17
2.17
2.18
2.18
2.18
2.18
2.18
2.18
2.17
2.17
2.18
2.17
2.17
2.17
2.17
2.18
2.17
2.17
2.17
2.17
2.17
2.17
2.17
2.17
2.17
2.17
2.17
2.17
2.17
2.17
2.17
2.17
2.17
2.17
2.17
2.17
2.17
2.17
2.17
2.17
2.16
2.16
2.16
2.16
2.16
2.16
2.16
2.16
2.16
2.16
2.16
2.16
2.16
2.16
2.16
2.16
2.16
2.16
2.16
2.16
2.16
2.16
2.16
2.16
2.16
2.16
2.16
2.16
2.16
2.16
2.16
2.17
2.17
2.17
2.17
2.17
2.17
2.17
2.17
2.18
2.18
2.18
2.18
2.18
2.17
2.17
2.18
2.17
2.17
2.17
2.17
2.17
2.17
2.17
2.17
2.17
2.17
2.17
2.17
2.17
2.17
2.17
2.17
2.17
2.17
2.17
2.17
2.17
2.18
2.17
2.17
2.18
2.17
2.17
2.17
2.17
2.17
2.17
2.17
2.17
2.17
2.17
2.17
2.17
2.17
2.17
2.17
2.17
2.17
2.17
2.17
2.18
2.18
2.18
2.18
2.18
2.18
2.18
2.18
2.18
2.18
2.18
2.18
2.19
2.19
2.19
2.19
2.18
2.19
2.19
2.19
2.19
2.19
2.19
2.19
2.2
2.2
2.2
2.2
2.2
2.2
2.2
2.2
2.2
2.2
2.21
2.21
2.21
2.21
2.21
2.21
2.21
2.21
2.21
2.21
2.21
2.21
2.21
2.22
2.22
2.22
2.22
2.22
2.22
2.22
2.22
2.22
2.22
2.22
